12292535000162010120253101202527022025CAMARA DE VEREADORES DE INDEPENDENCIA-RS                                        
010101031001500002063449040000000000005000000000000000000000000000000000000000000000000000000000000000000000000000000000000000000000000000000000000000000000000000000000000000000000000000000000000000000000000500000000000000000000000000000000000000000000000015000000
010101031001500002063449052000000000026000000000000000000000000000000000000000000000000000000000000000000000000000000000000000000000000000000000000000000000000000000000000000000000000000000000000000000000002600000000000000000000000000000000000000000000000015000000
010101031001500002063319007000000000000500000000000000000000000000000000000000000000000000000000000000000000000000000000000000000000000000000000000000000000000000000000000000000000000000000000000000000000000050000000000000000000000000000000000000000000000015000000
010101031001500002063319011000000000670000000000000000000000000000000000000000000000000000000000000000000000000000000000000000000000000000000484512000000048451200000004845120000000000000000000000000000000067000000000000000000000000000000000000000000000000025000000
010101031001500002063319013000000000055000000000000000000000000000000000000000000000000000000000000000000000000000000000000000000000000000000056238000000005623800000000000000000000000000000000000000000000005500000000000000000000000000000000000000000000000025000000
010101031001500002063339008000000000020000000000000000000000000000000000000000000000000000000000000000000000000000000000000000000000000000000000000000000000000000000000000000000000000000000000000000000000002000000000000000000000000000000000000000000000000015000000
010101031001500002063339014000000000100000000000000000000000000000000000000000000000000000000000000000000000000000000000000000000000000000000000000000000000000000000000000000000000000000000000000000000000010000000000000000000000000000000000000000000000000015000000
010101031001500002063339030000000000010000000000000000000000000000000000000000000000000000000000000000000000000000000000000000000000000000000000000000000000000000000000000000000000000000000000000000000000001000000000000000000000000000000000000000000000000015000000
010101031001500002063339036000000000005000000000000000000000000000000000000000000000000000000000000000000000000000000000000000000000000000000000000000000000000000000000000000000000000000000000000000000000000500000000000000000000000000000000000000000000000015000000
010101031001500002063339039000000000060000000000000000000000000000000000000000000000000000000000000000000000000000000000000000000000000000000000000000000000000000000000000000000000000000000000000000000000006000000000000000000000000000000000000000000000000015000000
010101031001500002063339040000000000005000000000000000000000000000000000000000000000000000000000000000000000000000000000000000000000000000000002940000000000294000000000029400000000000000000000000000000000000500000000000000000000000000000000000000000000000015000000
010101031001500002063339046000000000005000000000000000000000000000000000000000000000000000000000000000000000000000000000000000000000000000000000000000000000000000000000000000000000000000000000000000000000000500000000000000000000000000000000000000000000000025000000
010101031001500002063339093000000000050000000000000000000000000000000000000000000000000000000000000000000000000000000000000000000000000000000000000000000000000000000000000000000000000000000000000000000000005000000000000000000000000000000000000000000000000015000000
010104122000100002064449040000000000005000000000000000000000000000000000000000000000000000000000000000000000000000000000000000000000000000000000000000000000000000000000000000000000000000000000000000000000000500000000000000000000000000000000000000000000000015000000
010104122000100002064449052000000000045000000000000000000000000000000000000000000000000000000000000000000000000000000000000000000000000000000038497000000000000000000000000000000000000000000000000000000000004500000000000000000000000000000000000000000000000015000000
010104122000100002064319007000000000000500000000000000000000000000000000000000000000000000000000000000000000000000000000000000000000000000000000000000000000000000000000000000000000000000000000000000000000000050000000000000000000000000000000000000000000000015000000
010104122000100002064319011000000000290000000000000000000000000000000000000000000000000000000000000000000000000000000000000000000000000000000226992900000022699290000002269929000000000000000000000000000000029000000000000000000000000000000000000000000000000025000000
010104122000100002064319013000000000020000000000000000000000000000000000000000000000000000000000000000000000000000000000000000000000000000000008434500000000843450000000000000000000000000000000000000000000002000000000000000000000000000000000000000000000000025000000
010104122000100002064319016000000000001000000000000000000000000000000000000000000000000000000000000000000000000000000000000000000000000000000000000000000000000000000000000000000000000000000000000000000000000100000000000000000000000000000000000000000000000015000000
010104122000100002064339008000000000023000000000000000000000000000000000000000000000000000000000000000000000000000000000000000000000000000000000000000000000000000000000000000000000000000000000000000000000002300000000000000000000000000000000000000000000000015000000
010104122000100002064339014000000000050000000000000000000000000000000000000000000000000000000000000000000000000000000000000000000000000000000000000000000000000000000000000000000000000000000000000000000000005000000000000000000000000000000000000000000000000015000000
010104122000100002064339030000000000028000000000000000000000000000000000000000000000000000000000000000000000000000000000000000000000000000000020836000000001269500000000000000000000000000000000000000000000002800000000000000000000000000000000000000000000000015000000
010104122000100002064339035000000000025000000000000000000000000000000000000000000000000000000000000000000000000000000000000000000000000000000073764000000000000000000000000000000000000000000000000000000000002500000000000000000000000000000000000000000000000015000000
010104122000100002064339036000000000005000000000000000000000000000000000000000000000000000000000000000000000000000000000000000000000000000000000000000000000000000000000000000000000000000000000000000000000000500000000000000000000000000000000000000000000000015000000
010104122000100002064339039000000000067000000000000000000000000000000000000000000000000000000000000000000000000000000000000000000000000000000037600000000000727830000000017783000000000000000000000000000000006700000000000000000000000000000000000000000000000015000000
010104122000100002064339040000000000050000000000000000000000000000000000000000000000000000000000000000000000000000000000000000000000000000000052866000000000000000000000000000000000000000000000000000000000005000000000000000000000000000000000000000000000000015000000
010104122000100002064339046000000000045000000000000000000000000000000000000000000000000000000000000000000000000000000000000000000000000000000033288800000003328880000000000000000000000000000000000000000000004500000000000000000000000000000000000000000000000025000000
010104122000100002064319113000000000030000000000000000000000000000000000000000000000000000000000000000000000000000000000000000000000000000000028639300000002863930000000000000000000000000000000000000000000003000000000000000000000000000000000000000000000000025000000
010104122000100002064339093000000000010000000000000000000000000000000000000000000000000000000000000000000000000000000000000000000000000000000000000000000000000000000000000000000000000000000000000000000000001000000000000000000000000000000000000000000000000015000000
010104131000100002065339030000000000005000000000000000000000000000000000000000000000000000000000000000000000000000000000000000000000000000000000000000000000000000000000000000000000000000000000000000000000000500000000000000000000000000000000000000000000000015000000
010104131000100002065339039000000000009000000000000000000000000000000000000000000000000000000000000000000000000000000000000000000000000000000074250000000000000000000000000000000000000000000000000000000000000900000000000000000000000000000000000000000000000015000000
010104131000100002065339040000000000010000000000000000000000000000000000000000000000000000000000000000000000000000000000000000000000000000000000000000000000000000000000000000000000000000000000000000000000001000000000000000000000000000000000000000000000000015000000
FINALIZADOR0000000032