12292535000162010120253101202527022025CAMARA DE VEREADORES DE INDEPENDENCIA-RS                                        
0101010310015000020633190114200000000000000000000000000000000000000000000000000000000000000000000006028883000000000000000000000000000000000000000000000000000000000006028883000000000000000000000000000000000000000000000000000000000006028883000005000000
0101010310015000020633190114300000000000000000000000000008103400000000000000000000000000000000000004521660000000000000000008103400000000000000000000000000000000000004521660000000000000000008103400000000000000000000000000000000000004521660000005000000
0101010310015000020633190114500000000000000015072230000005402300000000000000000000000000000000000000054023000015072230000005402300000000000000000000000000000000000000054023000015072230000005402300000000000000000000000000000000000000054023000005000000
0101010310015000020633190117400000000000000087516000000861384400008630050000087516000000863005000008630050000087516000000861384400008630050000087516000000863005000008630050000087516000000861384400008630050000087516000000863005000008630050000005000000
0101010310015000020633190117500000000000000002917200000029172000000291720000002917200000029172000000291720000002917200000029172000000291720000002917200000029172000000291720000002917200000029172000000291720000002917200000029172000000291720000005000000
0101010310015000020633190130203000000000000008452590000072127800000715443000007263820000071544300001078634000008452590000072127800000715443000007263820000071544300001078634000004820680000073002900000706692000007263820000072638200001430886000005000000
0101010310015000020633390141400000000000000009263320000223990000000566092000012608400000041170200000475583000009263320000223990000000566092000012608400000041170200000475583000009263320000223990000000566092000010549880000061755400000475583000005000000
0101010310015000020633390301500000000000000000000000000000000000000016000000000000000000000000000000000000000000000000000000000000000016000000000000000000000000000000000000000000000000000000000000000016000000000000000000000000000000000000000005000000
0101010310015000020633390390500000000000000000150000000000000000000000000000000000000000000750000000000000000000000000000000000000000015000000000000000000000000000000007500000000000000000000000000000015000000000000000000000000000000007500000005000000
0101010310015000020633390394800000000000000004800000000055200000000318000000008310000000029270000000000000000004800000000055200000000318000000008310000000029270000000000000000004800000000055200000000318000000007220000000032700000000074700000005000000
0101010310015000020633390395802000000000000001438800000000000000000000000000000000000000000000000000000000000000119900000002398000000023980000000239800000002398000000035970000000119900000002398000000023980000000239800000002398000000035970000005000000
0101010310015000020633390397300000000000000000000000000090726800000000000000000000000000043701500000000000000000000000000090726800000000000000000000000000043701500000000000000000000000000090726800000000000000000000000000043701500000000000000005000000
01010103100150000206333903990000000000000000009000000000000000000000000000000000000000000000000-0000085800000000042000000000000000000000000000000000000000000000000000000000000000000000000000420000000000000000000000000000000000000000000000000005000000
0101010310015000020633390399902000000000000017327280000000000000000000000000000000000000000000000000000000000002887880000014439400000288788000002887880000028878800000433182000001443940000028878800000288788000002887880000028878800000433182000005000000
0101010310015000020633390402300000000000000000150000000000000000000000000000000150000000000000000000000000000000150000000000000000000000000000000150000000000000000000000000000000150000000000000000000000000000000150000000000000000000000000000005000000
0101010310015000020633390930103000000000000001366600000042590100000280375000004184740000028942700000000000000001366600000042590100000280375000004184740000028942700000000000000001366600000042590100000280375000004184740000028942700000000000000005000000
010101031001500002063339093050000000000000000144830000000000000000003679500000160228-00000379700000014599000000144830000000000000000003679500000160228-000003797000000145990000001448300000000000000000036795000001222580000000000000000145990000005000000
0101010310015000020634490524400000000000000000000000000000000000000000000000000000000000000000000000069900000000000000000000000000000000000000000000000000000000000000012300000000000000000000000000000000000000000000000000000000000000012300000005000000
0101041220001000020643190110100000000000000032100740000338492000004061371000037828260000389300500003278824000032100740000338492000004061371000037828260000389300500003278824000032100740000338492000004061371000037828260000389300500003278824000005000000
0101041220001000020643190111000000000000000001250940000012509400000125094000001250940000012509400000125094000001250940000012509400000125094000001250940000012509400000125094000001250940000012509400000125094000001250940000012509400000125094000005000000
0101041220001000020643190113100000000000000000269810000000000000000000000000000000000000000000000000000000000000269810000000000000000000000000000000000000000000000000000000000000269810000000000000000000000000000000000000000000000000000000000005000000
0101041220001000020643190113700000000000000000242830000005396200000053962000000539620000005396200000053962000000242830000005396200000053962000000539620000005396200000053962000000242830000005396200000053962000000539620000005396200000053962000005000000
0101041220001000020643190114200000000000000000960700000000000000000000000000000000000000000000000001548023000000960700000000000000000000000000000000000000000000000001548023000000960700000000000000000000000000000000000000000000000001548023000005000000
0101041220001000020643190114300000000000000000000000000000000000000000000000000224840000000000000001936313000000000000000000000000000000000000000224840000000000000001936313000000000000000000000000000000000000000224840000000000000001936313000005000000
0101041220001000020643190114500000000000000004803350000008312400000000000000000448330000004156200000000000000004803350000008312400000000000000000448330000004156200000000000000004803350000008312400000000000000000448330000004156200000000000000005000000
0101041220001000020643190114700000000000000002698120000000000000000000000000000000000000000000000000000000000002698120000000000000000000000000000000000000000000000000000000000002698120000000000000000000000000000000000000000000000000000000000005000000
0101041220001000020643190130201000000000000001299090000026355700000244108000002465480000025697800000276350000001299090000026355700000244108000002465480000025697800000276350000000000000000025794700000263557000002366470000025491100000404388000005000000
0101041220001000020643190130203000000000000001170240000000000000000000000000000000000000000000000000000000000001170240000000000000000000000000000000000000000000000000000000000001170240000000000000000000000000000000000000000000000000000000000005000000
0101041220001000020643191130800000000000000000945420000009497400000224484000001863500000018131400000261898000000945420000009497400000224484000001863500000018131400000261898000000470550000009497400000138144000002295200000018131400000352555000005000000
0101041220001000020643191132000000000000000001418100000014246000000336725000002795250000027197000000434655000001418100000014246000000336725000002795250000027197000000434655000000705800000014246000000207215000003442800000027197000000570640000005000000
0101041220001000020643390141400000000000000005403600000054036000001080720000017240060000074621200000823409000005403600000054036000001080720000017240060000074621200000823409000005403600000054036000001080720000017240060000054036000001029261000005000000
0101041220001000020643390300799000000000000000000000000014322000000000000000000000000000000000000000012864000000000000000014322000000000000000000000000000000000000000000000000000000000000014322000000000000000000000000000000000000000000000000005000000
0101041220001000020643390301500000000000000000000000000000000000000000000000000000000000000000000000016000000000000000000000000000000000000000000000000000000000000000000000000000000000000000000000000000000000000000000000000000000000000000000005000000
0101041220001000020643390301600000000000000000000000000000000000000000000000000000000000004003500000046840000000000000000000000000000000000000000000000000004003500000046840000000000000000000000000000000000000000000000000004003500000046840000005000000
0101041220001000020643390301700000000000000000000000000004290000000000000000000000000000001300000000000000000000000000000004290000000000000000000000000000001300000000000000000000000000000004290000000000000000000000000000001300000000000000000005000000
0101041220001000020643390302100000000000000000000000000001899600000000000000000000000000000000000000000000000000000000000001899600000000000000000000000000000000000000000000000000000000000001899600000000000000000000000000000000000000000000000005000000
0101041220001000020643390302200000000000000000000000000041962800000000000000000000000000000000000000000000000000000000000041962800000000000000000000000000000000000000000000000000000000000041962800000000000000000000000000000000000000000000000005000000
0101041220001000020643390302400000000000000000000000000000000000000006000000000000000000001240000000082807000000000000000000000000000006000000000000000000000000000000095207000000000000000000000000000006000000000000000000000000000000095207000005000000
0101041220001000020643390302500000000000000000000000000000000000000000000000000000000000005700000000000000000000000000000000000000000000000000000000000000005700000000000000000000000000000000000000000000000000000000000000000000000000057000000005000000
0101041220001000020643390302800000000000000000000000000000000000000026000000000000000000000000000000000000000000000000000000000000000026000000000000000000000000000000000000000000000000000000000000000026000000000000000000000000000000000000000005000000
0101041220001000020643390350100000000000000007200000000000000000000737640000000000000000000000000000000000000001200000000024000000000360000000001229400000024588000000368820000001200000000024000000000240000000002429400000024588000000368820000005000000
0101041220001000020643390390100000000000000000000000000000000000000015000000000000000000000000000000000000000000000000000000000000000000000000000150000000000000000000000000000000000000000000000000000000000000000150000000000000000000000000000005000000
0101041220001000020643390390500000000000000000000000000000000000000007500000000000000000003100000000029400000000000000000000000000000000000000000075000000003100000000029400000000000000000000000000000000000000000075000000003100000000029400000005000000
0101041220001000020643390391200000000000000000000000000000000000000000000000000000000000000000000000063000000000000000000000000000000000000000000000000000000000000000000000000000000000000000000000000000000000000000000000000000000000000000000005000000
0101041220001000020643390391600000000000000000000000000000000000000000000000000000000000000000000000180000000000000000000000000000000000000000000000000000000000000000130000000000000000000000000000000000000000000000000000000000000000130000000005000000
0101041220001000020643390392000000000000000000000000000000000000000000000000000925030000005500000000000000000000000000000000000000000000000000000925030000005500000000000000000000000000000000000000000000000000000925030000000000000000055000000005000000
0101041220001000020643390394800000000000000002980000000028800000000636000000010400000000043600000000476000000002980000000028800000000636000000010400000000043600000000476000000002980000000028800000000636000000010400000000032700000000585000000005000000
01010412200010000206433903958010000000000000025000000000000000000000000000000000000000000000000-0000037053000000530930000001776800000052833000000177680000003591900000035566000000355360000003532500000035536000000350650000003591900000035566000005000000
0101041220001000020643390395900000000000000000000000000000000000000000000000000000000000000000000000250000000000000000000000000000000000000000000000000000000000000000010000000000000000000000000000000000000000000000000000000000000000010000000005000000
0101041220001000020643390398300000000000000000000000000000000000000000000000000000000000000000000000027600000000000000000000000000000000000000000000000000000000000000027600000000000000000000000000000000000000000000000000000000000000027600000005000000
01010412200010000206433904006000000000000000059327000000000000000000000000000073872600000000000-0000274676000000881100000017622000000176220000001762200000017622000000264330000000881100000017622000000176220000001762200000017622000000264330000005000000
0101041220001000020643390460100000000000000005863900000063091000000738546000008907020000066063600000905555000005863900000063091000000738546000008907020000066063600000905555000003599980000052700700000612360000009871850000068660600001239583000005000000
0101041220001000020643390930500000000000000000000000000000000000000000000000000000000000004192300000048131000000000000000000000000000000000000000000000000004192300000048131000000000000000000000000000000000000000000000000000000000000090054000005000000
0101041220001000020643390931400000000000000000000000000000000000000000000000000000000000000000000000049833000000000000000000000000000000000000000000000000000000000000049833000000000000000000000000000000000000000000000000000000000000049833000005000000
0101041220001000020644490400500000000000000002200000000000000000000000000000000000000000000000000000000000000000000000000022000000000000000000000000000000000000000000000000000000000000000022000000000000000000000000000000000000000000000000000005000000
0101041220001000020644490521200000000000000000000000000000000000000000000000000000000000030260000000000000000000000000000000000000000000000000000000000000030260000000000000000000000000000000000000000000000000000000000000006500000000237600000005000000
0101041220001000020644490523600000000000000000000000000000000000000000000000000000000000013980000000000000000000000000000000000000000000000000000000000000000000000000139800000000000000000000000000000000000000000000000000000000000000139800000005000000
0101041220001000020644490524100000000000000014108000000000000000000000000000000000000000000000000000000000000000000000000141080000000000000000000000000000000000000000000000000000000000000141080000000000000000000000000000000000000000000000000005000000
01010413100010000206533903990000000000000000000000000000000000000003000000000000000000000000000-0000050000000000000000000000000000000000000000000500000000005000000000150000000000000000000000000000000000000000000500000000005000000000150000000005000000
0101041310001000020653390399200000000000000000000000000000000000000000000000000000000000000000000000043000000000000000000000000000000000000000000000000000000000000000043000000000000000000000000000000000000000000000000000000000000000043000000005000000
FINALIZADOR0000000060