12292535000162010120253101202527022025CAMARA DE VEREADORES DE INDEPENDENCIA-RS                                        
100000000000000000000101000034997022300001191837850000108300868000012953312300001000557200000119112238000010601332900001278458300000061617166000013989596500000916753340000183067175
110000000000000000000101000034996522300001188663520000105479268000012789689200001000557200000118891391000010601332900001276260840000061011966000013937616300000913711340000180489737
111000000000000000000101000010006522300000775363960000105479268000008627968600001000557200000077021366000010599832900000853163910000060347187000005687143400000913287820000179809772
111100000000000000000101000010006099400000775321670000105463252000008626367000001000453900000077011036000010598835900000853064210000060336797000005686104400000913083990000179789389
111110000000000000000101000010006099400000775321670000105463252000008626367000001000453900000077011036000010598835900000853064210000060336797000005686104400000913083990000179789389
111111900000000000000101000005926819800000592681980000063790769000006379076900000590106830000059010683000006333251900000633325190000038807628000003880762800000901246180000089685154
111111912000000000000101000005926819800000592681980000063790769000006379076900000590106830000059010683000006333251900000633325190000038807628000003880762800000901246180000089685154
111111912050000000000101000005926819800000592681980000063790769000006379076900000590106830000059010683000006333251900000633325190000038807628000003880762800000901246180000089685154
111115000000000000000101000004079279600000182639690000041672483000002247290100000410347070000018000353000004265584000000219739020000021529169000001805341600000011837810000090104235
111115003000000000000101000004079279600000182639690000041672483000002247290100000410347070000018000353000004265584000000219739020000021529169000001805341600000011837810000090104235
111115003220000000000101000004079279600000182639690000041672483000002247290100000410347070000018000353000004265584000000219739020000021529169000001805341600000011837810000090104235
111300000000000000000101000000000422900000000042290000000016016000000001601600000000103300000000010330000000000997000000000099700000000010390000000001039000000000203830000000020383
111310000000000000000101000000000422900000000042290000000016016000000001601600000000103300000000010330000000000997000000000099700000000010390000000001039000000000203830000000020383
111310100000000000000101000000000422900000000042290000000016016000000001601600000000103300000000010330000000000997000000000099700000000010390000000001039000000000203830000000020383
111310104000000000000101000000000422900000000042290000000016016000000001601600000000103300000000010330000000000997000000000099700000000010390000000001039000000000203830000000020383
113000000000000000000101000024990000000000413299560000000000000000004161720600000000000000000041870025000000000000000000423071930000000000000000008214050700000000423520000000677465
113800000000000000000101000024990000000000413299560000000000000000004161720600000000000000000041870025000000000000000000423071930000000000000000008214050700000000423520000000677465
113820000000000000000101000024990000000000413299560000000000000000004161720600000000000000000041870025000000000000000000423071930000000000000000008214050700000000423520000000677465
113829900000000000000101000024990000000000413299560000000000000000004161720600000000000000000041870025000000000000000000423071930000000000000000008214050700000000423520000000677465
113829901000000000000101000024990000000000413299560000000000000000004161720600000000000000000041870025000000000000000000423071930000000000000000008214050700000000423520000000677465
115000000000000000000101000000000000000000000000000000000000000000000000000000000000000000000000000000000000000000000000000000000000000664779000000036172200000000000000000000000000
115600000000000000000101000000000000000000000000000000000000000000000000000000000000000000000000000000000000000000000000000000000000000664779000000036172200000000000000000000000000
115610000000000000000101000000000000000000000000000000000000000000000000000000000000000000000000000000000000000000000000000000000000000664779000000036172200000000000000000000000000
115619900000000000000101000000000000000000000000000000000000000000000000000000000000000000000000000000000000000000000000000000000000000664779000000036172200000000000000000000000000
119000000000000000000101000000000000000000000000000000000000000000000000000000000000000000000000000000000000001500000000000025000000000000000000000000250000000000000000000000002500
119300000000000000000101000000000000000000000000000000000000000000000000000000000000000000000000000000000000001500000000000025000000000000000000000000250000000000000000000000002500
119310000000000000000101000000000000000000000000000000000000000000000000000000000000000000000000000000000000001500000000000025000000000000000000000000250000000000000000000000002500
120000000000000000000101000000000500000000003174330000002821600000000163623100000000000000000000220847000000000000000000002197460000000605200000000051980200000003042000000002577438
123000000000000000000101000000000500000000003174330000002821600000000163623100000000000000000000220847000000000000000000002197460000000605200000000051980200000003042000000002577438
123100000000000000000101000000000500000000001383170000002821600000000141080000000000000000000000000000000000000000000000000000000000000605200000000030260000000003042000000001090178
123110000000000000000101000000000500000000001383170000002821600000000141080000000000000000000000000000000000000000000000000000000000000605200000000030260000000003042000000001090178
123110100000000000000101000000000000000000000000000000000000000000000000000000000000000000000000000000000000000000000000000000000000000000000000000000000000000000000000000000000000
123110199000000000000101000000000000000000000000000000000000000000000000000000000000000000000000000000000000000000000000000000000000000000000000000000000000000000000000000000000000
123110200000000000000101000000000000000000000000000000001410800000000000000000000000000000000000000000000000000000000000000000000000000000000000000000000000000000000000000000000000
123110201000000000000101000000000000000000000000000000001410800000000000000000000000000000000000000000000000000000000000000000000000000000000000000000000000000000000000000000000000
123110202000000000000101000000000000000000000000000000000000000000000000000000000000000000000000000000000000000000000000000000000000000000000000000000000000000000000000000000000000
123110300000000000000101000000000500000000000349170000000000000000000000000000000000000000000000000000000000000000000000000000000000000302600000000000000000000001398000000000000000
123110301000000000000101000000000000000000000000000000000000000000000000000000000000000000000000000000000000000000000000000000000000000302600000000000000000000000000000000000000000
123110302000000000000101000000000500000000000050000000000000000000000000000000000000000000000000000000000000000000000000000000000000000000000000000000000000000000000000000000000000
123110303000000000000101000000000000000000000299170000000000000000000000000000000000000000000000000000000000000000000000000000000000000000000000000000000000000001398000000000000000
123110400000000000000101000000000000000000001034000000000000000000000000000000000000000000000000000000000000000000000000000000000000000000000000000000000000000000000000000000938078
123110405000000000000101000000000000000000001034000000000000000000000000000000000000000000000000000000000000000000000000000000000000000000000000000000000000000000000000000000000000
123110499000000000000101000000000000000000000000000000000000000000000000000000000000000000000000000000000000000000000000000000000000000000000000000000000000000000000000000000938078
123119900000000000000101000000000000000000000000000000001410800000000141080000000000000000000000000000000000000000000000000000000000000302600000000030260000000001644000000000152100
123119908000000000000101000000000000000000000000000000001410800000000141080000000000000000000000000000000000000000000000000000000000000302600000000030260000000001521000000000152100
123119999000000000000101000000000000000000000000000000000000000000000000000000000000000000000000000000000000000000000000000000000000000000000000000000000000000000123000000000000000
123119999020000000000101000000000000000000000000000000000000000000000000000000000000000000000000000000000000000000000000000000000000000000000000000000000000000000123000000000000000
123200000000000000000101000000000000000000000000000000000000000000000000000000000000000000000000000000000000000000000000000000000000000000000000000000000000000000000000000001272234
123210000000000000000101000000000000000000000000000000000000000000000000000000000000000000000000000000000000000000000000000000000000000000000000000000000000000000000000000001272234
123210100000000000000101000000000000000000000000000000000000000000000000000000000000000000000000000000000000000000000000000000000000000000000000000000000000000000000000000000000000
123210104000000000000101000000000000000000000000000000000000000000000000000000000000000000000000000000000000000000000000000000000000000000000000000000000000000000000000000000000000
123210600000000000000101000000000000000000000000000000000000000000000000000000000000000000000000000000000000000000000000000000000000000000000000000000000000000000000000000001272234
123210601000000000000101000000000000000000000000000000000000000000000000000000000000000000000000000000000000000000000000000000000000000000000000000000000000000000000000000001272234
123210601020000000000101000000000000000000000000000000000000000000000000000000000000000000000000000000000000000000000000000000000000000000000000000000000000000000000000000001272234
123800000000000000000101000000000000000000001791160000000000000000000022543100000000000000000000220847000000000000000000002197460000000000000000000021720200000000000000000000215026
123810000000000000000101000000000000000000001791160000000000000000000022543100000000000000000000220847000000000000000000002197460000000000000000000021720200000000000000000000215026
123810100000000000000101000000000000000000001791160000000000000000000022543100000000000000000000220847000000000000000000002197460000000000000000000021720200000000000000000000215026
123810101000000000000101000000000000000000000310940000000000000000000003109400000000000000000000031094000000000000000000000310940000000000000000000003185900000000000000000000031094
123810102000000000000101000000000000000000000940280000000000000000000014105600000000000000000000141056000000000000000000001410560000000000000000000014105600000000000000000000141056
123810103000000000000101000000000000000000000174440000000000000000000001673100000000000000000000012147000000000000000000000110460000000000000000000000665500000000000000000000006326
123810104000000000000101000000000000000000000365500000000000000000000003655000000000000000000000036550000000000000000000000365500000000000000000000003763200000000000000000000036550
200000000000000000000101000028159278800002825613440000023872731000002502126100000197160260000021684361000002370702900000251413300000021028557000002285940600004335277410000425171694
210000000000000000000101000002121894200000221874980000023872731000002502126100000197160260000021684361000002370702900000251413300000021028557000002285940600000532940790000044669507
211000000000000000000101000000867786900000092538820000014131312000001534209000000144778050000016182657000001467666500000159919240000014511532000001594009800000454542530000037944784
211100000000000000000101000000867786900000086420650000012905902000001411982100000131621970000014661897000001313983600000145531190000013076955000001451439300000425918630000035789326
211110000000000000000101000000867786900000086420650000012905902000001411982100000131621970000014661897000001313983600000145531190000013076955000001451439300000425918630000035789326
211110100000000000000101000000867786900000086420650000012905902000001411982100000131621970000014661897000001313983600000145531190000013076955000001451439300000425918630000035789326
211110101000000000000101000000657346000000065734600000012469540000001246954000000131621970000013162197000001300520200000130052020000012993831000001299383100000136983770000013698377
211110101020000000000101000000657346000000065734600000012469540000001246954000000131621970000013162197000001300520200000130052020000012993831000001299383100000136983770000013698377
211110102000000000000101000000000000000000012521000000000162068000000115513400000000000000000001124800000000004496800000011328840000000000000000000110930000000131512800000007584098
211110102010000000000101000000000000000000012521000000000081034000000107410000000000000000000001124800000000002248400000011104000000000000000000000110930000000065756400000001008458
211110102020000000000101000000000000000000000000000000000081034000000008103400000000000000000000000000000000002248400000000224840000000000000000000000000000000065756400000006575640
211110103000000000000101000000210440900000008165050000000274294000000049514700000000000000000000374900000000008966600000004150330000000083124000000041126200000157422060000014506851
211110103010000000000101000000208362800000007957240000000137147000000035800000000000000000000000374900000000004483300000003702000000000041562000000036970000000078711030000006635748
211110103020000000000101000000002078100000000207810000000137147000000013714700000000000000000000000000000000004483300000000448330000000041562000000004156200000078711030000007871103
211400000000000000000101000000000000000000006118170000001225410000000122226900000013156080000001520760000000153682900000014388050000001434577000000142570500000028623900000002155458
211420000000000000000101000000000000000000001187170000000237434000000023743400000003453590000000561209000000057380000000004658750000000453284000000045328400000009231950000000696553
211420100000000000000101000000000000000000001187170000000237434000000023743400000003453590000000561209000000057380000000004658750000000453284000000045328400000009231950000000696553
211420102000000000000101000000000000000000001187170000000237434000000023743400000003453590000000561209000000057380000000004658750000000453284000000045328400000009231950000000696553
211430000000000000000101000000000000000000004931000000000987976000000098483500000009702490000000959551000000096302900000009729300000000981293000000097242100000019391950000001458905
211430100000000000000101000000000000000000004931000000000987976000000098483500000009702490000000959551000000096302900000009729300000000981293000000097242100000019391950000001458905
211430101000000000000101000000000000000000004931000000000987976000000098483500000009702490000000959551000000096302900000009729300000000981293000000097242100000019391950000001458905
211430101020000000000101000000000000000000004931000000000987976000000098483500000009702490000000959551000000096302900000009729300000000981293000000097242100000019391950000001458905
213000000000000000000101000001128055600000116730990000005916233000000585398500000027110540000002974537000000452250300000044356930000003296510000000369879300000049764290000004067178
213100000000000000000101000001128055600000116730990000005916233000000585398500000027110540000002974537000000452250300000044356930000003296510000000369879300000049764290000004067178
213110000000000000000101000001128055600000116730990000005916233000000585398500000027110540000002974537000000452250300000044356930000003296510000000369879300000049764290000004067178
213110100000000000000101000001128055600000116730990000005916233000000585398500000027110540000002974537000000452250300000044356930000003296510000000369879300000049764290000004067178
213110101000000000000101000001128055600000116730990000005916233000000585398500000027110540000002974537000000452250300000044356930000003296510000000369879300000049764290000004067178
213110101010000000000101000001128055600000116730990000005916233000000585398500000027110540000002974537000000452250300000044356930000003296510000000369879300000049764290000004067178
218000000000000000000101000000126051700000012605170000003825186000000382518600000025271670000002527167000000450786100000047137130000003220515000000322051500000028633970000002657545
218800000000000000000101000000033418500000003341850000000633222000000063322200000008803550000000880355000000131716300000013171630000001650897000000165089700000012041640000001204164
218810000000000000000101000000032995600000003299560000000617206000000061720600000008700250000000870025000000130719300000013071930000001640507000000164050700000011837810000001183781
218810400000000000000101000000032995600000003299560000000617206000000061720600000008700250000000870025000000130719300000013071930000001640507000000164050700000011837810000001183781
218810499000000000000101000000032995600000003299560000000617206000000061720600000008700250000000870025000000130719300000013071930000001640507000000164050700000011837810000001183781
218830000000000000000101000000000422900000000042290000000016016000000001601600000000103300000000010330000000000997000000000099700000000010390000000001039000000000203830000000020383
218830100000000000000101000000000422900000000042290000000016016000000001601600000000103300000000010330000000000997000000000099700000000010390000000001039000000000203830000000020383
218830104000000000000101000000000422900000000042290000000016016000000001601600000000103300000000010330000000000997000000000099700000000010390000000001039000000000203830000000020383
218830104020000000000101000000000422900000000042290000000016016000000001601600000000103300000000010330000000000997000000000099700000000010390000000001039000000000203830000000020383
218900000000000000000101000000092633200000009263320000003191964000000319196400000016468120000001646812000000319069800000033965500000001569618000000156961800000016592330000001453381
218910000000000000000101000000092633200000009263320000003191964000000319196400000016468120000001646812000000319069800000033965500000001569618000000156961800000016592330000001453381
218910200000000000000101000000092633200000009263320000003191964000000319196400000016468120000001646812000000319069800000033965500000001569618000000156961800000016592330000001453381
230000000000000000000101000026037384600002603738460000000000000000000000000000000000000000000000000000000000000000000000000000000000000000000000000000000000003802336620000380502187
237000000000000000000101000026037384600002603738460000000000000000000000000000000000000000000000000000000000000000000000000000000000000000000000000000000000003802336620000380502187
237100000000000000000101000026037384600002603738460000000000000000000000000000000000000000000000000000000000000000000000000000000000000000000000000000000000003802336620000380502187
237110000000000000000101000011341780000001134178000000000000000000000000000000000000000000000000000000000000000000000000000000000000000000000000000000000000001266017420000000111167
237110100000000000000101000000000000000001133892050000000000000000000000000000000000000000000000000000000000000000000000000000000000000000000000000000000000001266017420000000111167
237110200000000000000101000011341780000000000000000000000000000000000000000000000000000000000000000000000000000000000000000000000000000000000000000000000000000000000000000000000000
237110300000000000000101000000000000000000000285950000000000000000000000000000000000000000000000000000000000000000000000000000000000000000000000000000000000000000000000000000000000
237110301000000000000101000000000000000000000285950000000000000000000000000000000000000000000000000000000000000000000000000000000000000000000000000000000000000000000000000000000000
237120000000000000000101000013269538300001326953830000000000000000000000000000000000000000000000000000000000000000000000000000000000000000000000000000000000002472950070000380391020
237120100000000000000101000013269538300000000000000000000000000000000000000000000000000000000000000000000000000000000000000000000000000000000000000000000000002472950070000380391020
237120200000000000000101000000000000000001326953830000000000000000000000000000000000000000000000000000000000000000000000000000000000000000000000000000000000000000000000000000000000
237130000000000000000101000001426066300000142606630000000000000000000000000000000000000000000000000000000000000000000000000000000000000000000000000000000000000063369130000000000000
237130100000000000000101000000000000000000142606630000000000000000000000000000000000000000000000000000000000000000000000000000000000000000000000000000000000000063369130000000000000
237130200000000000000101000001426066300000000000000000000000000000000000000000000000000000000000000000000000000000000000000000000000000000000000000000000000000000000000000000000000
300000000000000000000101000006141207400000000000000000064299843000000030185200000628948780000000000000000006592264200000003486470000043342456000000109230100001408623910000436991484
310000000000000000000101000001607593200000000000000000015123909000000000000000000161826570000000000000000001592460700000000000000000015898536000000000000000000231402000000102345841
311000000000000000000101000001474738800000000000000000013901640000000000000000000146618970000000000000000001448580200000000000000000014472831000000000000000000209847420000093254300
311100000000000000000101000000200595600000000000000000000594000000000000000000000002071000000000000000000000017140000000000000000000000158000000000000000000000010493080000004185764
311110000000000000000101000000200595600000000000000000000594000000000000000000000002071000000000000000000000017140000000000000000000000158000000000000000000000010493080000004185764
311110100000000000000101000000200595600000000000000000000594000000000000000000000002071000000000000000000000017140000000000000000000000158000000000000000000000010493080000004185764
311110101000000000000101000000151761400000000000000000000269812000000000000000000000000000000000000000000000000000000000000000000000000000000000000000000000000006024170000002389843
311110106000000000000101000000006254700000000000000000000062547000000000000000000000000000000000000000000000000000000000000000000000000000000000000000000000000000000000000000125094
311110118000000000000101000000002428300000000000000000000026981000000000000000000000000000000000000000000000000000000000000000000000000000000000000000000000000000000000000000051264
311110122000000000000101000000009880000000000000000000000066600000000000000000000001553000000000000000000000012850000000000000000000000118500000000000000000000003961910000000963891
311110124000000000000101000000003290000000000000000000000022200000000000000000000000518000000000000000000000004290000000000000000000000039500000000000000000000000507000000000240000
311110125000000000000101000000026981200000000000000000000000000000000000000000000000000000000000000000000000000000000000000000000000000000000000000000000000000000000000000000269812
311110128000000000000101000000000000000000000000000000000145860000000000000000000000000000000000000000000000000000000000000000000000000000000000000000000000000000000000000000145860
311200000000000000000101000001274143200000000000000000013307640000000000000000000144547970000000000000000001431440200000000000000000014314831000000000000000000199354340000089068536
311210000000000000000101000001274143200000000000000000013307640000000000000000000144547970000000000000000001431440200000000000000000014314831000000000000000000199354340000089068536
311210100000000000000101000001274143200000000000000000013307640000000000000000000144547970000000000000000001431440200000000000000000014314831000000000000000000199354340000089068536
311210101000000000000101000000169246000000000000000000003115108000000000000000000040613710000000000000000000378282600000000000000000003893005000000000000000000038492740000020394044
311210106000000000000101000000006254700000000000000000000062547000000000000000000001250940000000000000000000012509400000000000000000000125094000000000000000000001250940000000625470
311210114000000000000101000000002698100000000000000000000000000000000000000000000000000000000000000000000000000000000000000000000000000000000000000000000000000000000000000000026981
311210118000000000000101000000000000000000000000000000000026981000000000000000000000539620000000000000000000005396200000000000000000000053962000000000000000000000539620000000242829
311210122000000000000101000000115330000000000000000000001007500000000000000000000009695000000000000000000000098190000000000000000000000990800000000000000000000004946000000005597600
311210124000000000000101000000076282400000000000000000000335800000000000000000000003231000000000000000000000032730000000000000000000000330200000000000000000000063448740000008424098
311210128000000000000101000000029172000000000000000000000145860000000000000000000002917200000000000000000000029172000000000000000000000291720000000000000000000004375800000001750320
311210131000000000000101000000875160000000000000000000008613844000000000000000000086300500000000000000000000875160000000000000000000008630050000000000000000000086300500000052007194
312000000000000000000101000000132854400000000000000000001222269000000000000000000015207600000000000000000000143880500000000000000000001425705000000000000000000021554580000009091541
312100000000000000000101000000023635200000000000000000000237434000000000000000000005612090000000000000000000046587500000000000000000000453284000000000000000000006965530000002650707
312120000000000000000101000000023635200000000000000000000237434000000000000000000005612090000000000000000000046587500000000000000000000453284000000000000000000006965530000002650707
312120100000000000000101000000023635200000000000000000000237434000000000000000000005612090000000000000000000046587500000000000000000000453284000000000000000000006965530000002650707
312200000000000000000101000000109219200000000000000000000984835000000000000000000009595510000000000000000000097293000000000000000000000972421000000000000000000014589050000006440834
312230000000000000000101000000109219200000000000000000000984835000000000000000000009595510000000000000000000097293000000000000000000000972421000000000000000000014589050000006440834
312230100000000000000101000000109219200000000000000000000984835000000000000000000009595510000000000000000000097293000000000000000000000972421000000000000000000014589050000006440834
330000000000000000000101000000359137900000000000000000007132827000000030185200000045250260000000000000000000707534500000003118520000004972063000000105433100000067254320000032354037
331000000000000000000101000000058639000000000000000000001255654000000000000000000007865460000000000000000000089070200000000000000000001132393000000066477900000016550230000005641929
331100000000000000000101000000058639000000000000000000001255654000000000000000000007865460000000000000000000089070200000000000000000001132393000000066477900000016550230000005641929
331110000000000000000101000000058639000000000000000000001255654000000000000000000007865460000000000000000000089070200000000000000000001132393000000066477900000016550230000005641929
331110600000000000000101000000058639000000000000000000000774130000000000000000000007385460000000000000000000089070200000000000000000000667848000000001049200000013843090000005031433
331111400000000000000101000000000000000000000000000000000000000000000000000000000000000000000000000000000000000000000000000000000000000000400000000000040000000000000000000000000000
331111500000000000000101000000000000000000000000000000000000000000000000000000000000160000000000000000000000000000000000000000000000000000000000000000000000000000000000000000016000
331111600000000000000101000000000000000000000000000000000000000000000000000000000000000000000000000000000000000000000000000000000000000103890000000006385500000000643400000000104375
331111700000000000000101000000000000000000000000000000000042900000000000000000000000000000000000000000000000000000000000000000000000000025800000000001280000000000000000000000055900
331112100000000000000101000000000000000000000000000000000018996000000000000000000000000000000000000000000000000000000000000000000000000000449000000000044900000000000000000000018996
331112200000000000000101000000000000000000000000000000000419628000000000000000000000000000000000000000000000000000000000000000000000000131860000000032047000000000000000000000231018
331112400000000000000101000000000000000000000000000000000000000000000000000000000000060000000000000000000000000000000000000000000000000000000000000000000000000000952070000000101207
331112500000000000000101000000000000000000000000000000000000000000000000000000000000000000000000000000000000000000000000000000000000000057000000000000000000000000000000000000057000
331112600000000000000101000000000000000000000000000000000000000000000000000000000000000000000000000000000000000000000000000000000000000009100000000000910000000000000000000000000000
331112800000000000000101000000000000000000000000000000000000000000000000000000000000260000000000000000000000000000000000000000000000000000000000000000000000000000000000000000026000
331113600000000000000101000000000000000000000000000000000000000000000000000000000000000000000000000000000000000000000000000000000000000002696000000000564100000000029450000000000000
331114200000000000000101000000000000000000000000000000000000000000000000000000000000000000000000000000000000000000000000000000000000000013642000000002400000000000103580000000000000
331119900000000000000101000000000000000000000000000000000000000000000000000000000000000000000000000000000000000000000000000000000000000119708000000021757200000000978640000000000000
332000000000000000000101000000282587300000000000000000005651742000000030185200000035176330000000000000000000596489700000003118520000003622468000000038955200000048553830000025434740
332100000000000000000101000000146669200000000000000000002986112000000020585200000016468120000000000000000000319069800000002058520000001363766000000020585200000014533810000011489905
332110000000000000000101000000146669200000000000000000002986112000000020585200000016468120000000000000000000319069800000002058520000001363766000000020585200000014533810000011489905
332110100000000000000101000000146669200000000000000000002986112000000020585200000016468120000000000000000000319069800000002058520000001363766000000020585200000014533810000011489905
332200000000000000000101000000012000000000000000000000000240000000000000000000000003600000000000000000000000000000000000000000000000000000000000000000000000000000000000000000720000
332210000000000000000101000000012000000000000000000000000240000000000000000000000003600000000000000000000000000000000000000000000000000000000000000000000000000000000000000000720000
332210100000000000000101000000012000000000000000000000000240000000000000000000000003600000000000000000000000000000000000000000000000000000000000000000000000000000000000000000720000
332300000000000000000101000000123918100000000000000000002425630000000009600000000015108210000000000000000000277419900000001060000000002258702000000018370000000034020020000013224835
332310000000000000000101000000123918100000000000000000002425630000000009600000000015108210000000000000000000277419900000001060000000002258702000000018370000000034020020000013224835
332310100000000000000101000000000000000000000000000000000000000000000000000000000000000000000000000000000000012294000000000000000000000245880000000000000000000003688200000000737640
332310400000000000000101000000006508300000000000000000000041748000000000000000000000768130000000000000000000004174800000000000000000000059899000000000000000000000715360000000356827
332310500000000000000101000000000420000000000000000000000000000000000000000000000000000000000000000000000000005000000000000000000000000050000000000000000000000001930000000000297200
332310600000000000000101000000000000000000000000000000000000000000000000000000000000000000000000000000000000009250300000000000000000000055000000000000000000000001300000000000277503
332311100000000000000101000000010311000000000000000000000396220000000000000000000001762200000000000000000000019122000000000000000000000176220000000000000000000002643300000001307320
332311200000000000000101000000000000000000000000000000000907268000000000000000000000000000000000000000000000000000000000000000000000000437015000000000000000000000000000000001344283
332311400000000000000101000000000000000000000000000000000000000000000000000000000000000000000000000000000000000250000000000000000000000002500000000000000000000000025000000000007500
332313000000000000000101000000077800000000000000000000000936000000000009600000000009540000000000000000000000197700000000001060000000000912400000000018370000000005850000000005756700
332313600000000000000101000000000000000000000000000000000000000000000000000000000000000000000000000000000000000000000000000000000000000000000000000000000000000000100000000000010000
332314000000000000000101000000000000000000000000000000000000000000000000000000000000000000000000000000000000000000000000000000000000000000000000000000000000000000276000000000027600
332315100000000000000101000000000000000000000000000000000000000000000000000000000000150000000000000000000000000750000000000000000000000031000000000000000000000000438000000000097300
332319900000000000000101000000028878800000000000000000000144394000000000000000000002887880000000000000000000028878800000000000000000000288788000000000000000000017054160000003004962
333000000000000000000101000000017911600000000000000000000225431000000000000000000002208470000000000000000000021974600000000000000000000217202000000000000000000002150260000001277368
333100000000000000000101000000017911600000000000000000000225431000000000000000000002208470000000000000000000021974600000000000000000000217202000000000000000000002150260000001277368
333110000000000000000101000000017911600000000000000000000225431000000000000000000002208470000000000000000000021974600000000000000000000217202000000000000000000002150260000001277368
333110100000000000000101000000017911600000000000000000000225431000000000000000000002208470000000000000000000021974600000000000000000000217202000000000000000000002150260000001277368
333110101000000000000101000000017911600000000000000000000225431000000000000000000002208470000000000000000000021974600000000000000000000217202000000000000000000002150260000001277368
350000000000000000000101000000013331700000000000000000000000000000000000000000000000000000000000000000000000000000000000000000000000000000000000000000000000001091372620000109270579
351000000000000000000101000000013331700000000000000000000000000000000000000000000000000000000000000000000000000000000000000000000000000000000000000000000000001091372620000109270579
351100000000000000000101000000000000000000000000000000000000000000000000000000000000000000000000000000000000000000000000000000000000000000000000000000000000001091372620000109137262
351120000000000000000101000000000000000000000000000000000000000000000000000000000000000000000000000000000000000000000000000000000000000000000000000000000000001091372620000109137262
351120200000000000000101000000000000000000000000000000000000000000000000000000000000000000000000000000000000000000000000000000000000000000000000000000000000000545686310000054568631
351120900000000000000101000000000000000000000000000000000000000000000000000000000000000000000000000000000000000000000000000000000000000000000000000000000000000545686310000054568631
351200000000000000000101000000013331700000000000000000000000000000000000000000000000000000000000000000000000000000000000000000000000000000000000000000000000000000000000000000133317
351220000000000000000101000000013331700000000000000000000000000000000000000000000000000000000000000000000000000000000000000000000000000000000000000000000000000000000000000000133317
351220200000000000000101000000013331700000000000000000000000000000000000000000000000000000000000000000000000000000000000000000000000000000000000000000000000000000000000000000133317
351220203000000000000101000000013331700000000000000000000000000000000000000000000000000000000000000000000000000000000000000000000000000000000000000000000000000000000000000000133317
360000000000000000000101000004132995600000000000000000041617206000000000000000000418700250000000000000000004230719300000000000000000022140507000000000000000000016155430000190880430
361000000000000000000101000000000000000000000000000000000000000000000000000000000000000000000000000000000000000000000000000000000000000000000000000000000000000009380780000000938078
361300000000000000000101000000000000000000000000000000000000000000000000000000000000000000000000000000000000000000000000000000000000000000000000000000000000000009380780000000938078
361310000000000000000101000000000000000000000000000000000000000000000000000000000000000000000000000000000000000000000000000000000000000000000000000000000000000009380780000000938078
361310100000000000000101000000000000000000000000000000000000000000000000000000000000000000000000000000000000000000000000000000000000000000000000000000000000000009380780000000938078
365000000000000000000101000004132995600000000000000000041617206000000000000000000418700250000000000000000004230719300000000000000000022140507000000000000000000006774650000189942352
365100000000000000000101000004132995600000000000000000041617206000000000000000000418700250000000000000000004230719300000000000000000022140507000000000000000000006774650000189942352
365120000000000000000101000004132995600000000000000000041617206000000000000000000418700250000000000000000004230719300000000000000000022140507000000000000000000006774650000189942352
365120300000000000000101000004132995600000000000000000041617206000000000000000000418700250000000000000000004230719300000000000000000022140507000000000000000000006774650000189942352
390000000000000000000101000000028149000000000000000000000425901000000000000000000003171700000000000000000000061549700000000367950000000331350000000003797000000002439540000002140597
399000000000000000000101000000028149000000000000000000000425901000000000000000000003171700000000000000000000061549700000000367950000000331350000000003797000000002439540000002140597
399600000000000000000101000000028149000000000000000000000425901000000000000000000003171700000000000000000000061549700000000367950000000331350000000003797000000002439540000002140597
399610000000000000000101000000028149000000000000000000000425901000000000000000000003171700000000000000000000061549700000000367950000000331350000000003797000000002439540000002140597
400000000000000000000101000000000000000002912299560000000000000000004161720600000000000000000041870025000000000000000000423071930000060000000000002214050700003805021870000001337300
450000000000000000000101000000000000000000413299560000000000000000004161720600000000000000000041870025000000000000000000423071930000000000000000002214050700001904486680000001183781
451000000000000000000101000000000000000000413299560000000000000000004161720600000000000000000041870025000000000000000000423071930000000000000000002214050700001904486680000001183781
451100000000000000000101000000000000000000413299560000000000000000004161720600000000000000000041870025000000000000000000423071930000000000000000002214050700001904486680000001183781
451120000000000000000101000000000000000000413299560000000000000000004161720600000000000000000041870025000000000000000000423071930000000000000000002214050700001904486680000001183781
451120200000000000000101000000000000000000413299560000000000000000004161720600000000000000000041870025000000000000000000423071930000000000000000002214050700001904486680000001183781
460000000000000000000101000000000000000000000000000000000000000000000000000000000000000000000000000000000000000000000000000000000000000000000000000000000000000001111670000000111167
461000000000000000000101000000000000000000000000000000000000000000000000000000000000000000000000000000000000000000000000000000000000000000000000000000000000000001111670000000111167
461900000000000000000101000000000000000000000000000000000000000000000000000000000000000000000000000000000000000000000000000000000000000000000000000000000000000001111670000000111167
461910000000000000000101000000000000000000000000000000000000000000000000000000000000000000000000000000000000000000000000000000000000000000000000000000000000000001111670000000111167
461910100000000000000101000000000000000000000000000000000000000000000000000000000000000000000000000000000000000000000000000000000000000000000000000000000000000001111670000000111167
490000000000000000000101000000000000000002499000000000000000000000000000000000000000000000000000000000000000000000000000000000000000060000000000000000000000001899423520000000042352
499000000000000000000101000000000000000002499000000000000000000000000000000000000000000000000000000000000000000000000000000000000000060000000000000000000000001899423520000000042352
499900000000000000000101000000000000000002499000000000000000000000000000000000000000000000000000000000000000000000000000000000000000060000000000000000000000001899423520000000042352
499920000000000000000101000000000000000002499000000000000000000000000000000000000000000000000000000000000000000000000000000000000000060000000000000000000000001899423520000000042352
499920100000000000000101000000000000000002499000000000000000000000000000000000000000000000000000000000000000000000000000000000000000060000000000000000000000001899423520000000042352
500000000000000000000101000027431498600000000000000000020420925000000030185200000194476250000020000000000002203145000000003486470000018824600000004042752200001085261860000402048287
520000000000000000000101000027431498600000000000000000020420925000000030185200000194476250000020000000000002203145000000003486470000018824600000004042752200001080867220000402048287
522000000000000000000101000027431498600000000000000000020420925000000030185200000194476250000020000000000002203145000000003486470000018824600000004042752200001080867220000402048287
522100000000000000000101000024990000000000000000000000000000000000000000000000000000000000000020000000000000000000000000000000000000000000000000004000000000000702688000000260168800
522110000000000000000101000024990000000000000000000000000000000000000000000000000000000000000000000000000000000000000000000000000000000000000000000000000000000000000000000249900000
522110100000000000000101000024990000000000000000000000000000000000000000000000000000000000000000000000000000000000000000000000000000000000000000000000000000000000000000000249900000
522120000000000000000101000000000000000000000000000000000000000000000000000000000000000000000000000000000000000000000000000000000000000000000000000000000000000025672000000002567200
522120100000000000000101000000000000000000000000000000000000000000000000000000000000000000000000000000000000000000000000000000000000000000000000000000000000000025672000000002567200
522130000000000000000101000000000000000000000000000000000000000000000000000000000000000000000000000000000000000000000000000000000000000000000000000000000000000051344000000005134400
522130300000000000000101000000000000000000000000000000000000000000000000000000000000000000000000000000000000000000000000000000000000000000000000000000000000000025672000000002567200
522139900000000000000101000000000000000000000000000000000000000000000000000000000000000000000000000000000000000000000000000000000000000000000000000000000000000025672000000002567200
522190000000000000000101000000000000000000000000000000000000000000000000000000000000000000000020000000000000000000000000000000000000000000000000004000000000000625672000000002567200
522190400000000000000101000000000000000000000000000000000000000000000000000000000000000000000020000000000000000000000000000000000000000000000000004000000000000625672000000002567200
522900000000000000000101000002441498600000000000000000020420925000000030185200000194476250000000000000000002203145000000003486470000018824600000000042752200000378179220000141879487
522920000000000000000101000002441498600000000000000000020420925000000030185200000194476250000000000000000002203145000000003486470000018824600000000042752200000378179220000141879487
522920100000000000000101000002441498600000000000000000020420925000000030185200000194476250000000000000000002203145000000003486470000018824600000000042752200000378179220000141879487
522920101000000000000101000002441498600000000000000000020420925000000000000000000194476250000000000000000002203145000000000000000000018824600000000000000000000364281720000141567758
522920103000000000000101000000000000000000000000000000000000000000000030185200000000000000000000000000000000000000000000003486470000000000000000000042752200000013897500000000311729
530000000000000000000101000000000000000000000000000000000000000000000000000000000000000000000000000000000000000000000000000000000000000000000000000000000000000004394640000000000000
531000000000000000000101000000000000000000000000000000000000000000000000000000000000000000000000000000000000000000000000000000000000000000000000000000000000000004394640000000000000
531700000000000000000101000000000000000000000000000000000000000000000000000000000000000000000000000000000000000000000000000000000000000000000000000000000000000004394640000000000000
600000000000000000000101000010162822200003759432080000112979163000013309823600001157275790000115175204000011206097600001337437790000137810858000011620793600005213628910000227840790
620000000000000000000101000010162822200003759432080000112979163000013309823600001157275790000115175204000011206097600001337437790000137810858000011620793600005209234270000226961862
622000000000000000000101000010162822200003759432080000112979163000013309823600001157275790000115175204000011206097600001337437790000137810858000011620793600005209234270000226961862
622100000000000000000101000006302160400003129216040000066700044000006670004400000775876020000057587602000006704621300000670462130000098317729000005831772900003069693810000117069381
622110000000000000000101000002441498600002499000000000020420925000000030185200000394476250000000000000000002203145000000003486470000058824600000000042752200000930153350000007176900
622130000000000000000101000003860661800000630216040000046279119000006639819200000381399770000057587602000004501476300000666975660000039493129000005789020700002139540460000109892481
622130100000000000000101000001980548900000244149860000022955939000002072277700000193043060000019447625000002234356700000223800970000019913209000001925212200000408703010000038975204
622130300000000000000101000001880112900000198054890000023021328000002295593900000188356710000019304306000002232254900000223435670000019336098000001972950900000376431720000035821137
622130400000000000000101000000000000000000188011290000000301852000002271947600000000000000000018835671000000034864700000219739020000000243822000001890857600001354405730000035096140
622900000000000000000101000003860661800000630216040000046279119000006639819200000381399770000057587602000004501476300000666975660000039493129000005789020700002139540460000109892481
622920000000000000000101000003860661800000630216040000046279119000006639819200000381399770000057587602000004501476300000666975660000039493129000005789020700002139540460000109892481
622920100000000000000101000003860661800000630216040000046279119000006639819200000381399770000057587602000004501476300000666975660000039493129000005789020700002139540460000109892481
622920101000000000000101000001980548900000244149860000022955939000002072277700000193043060000019447625000002234356700000223800970000019913209000001925212200000408703010000038975204
622920103000000000000101000001880112900000198054890000023021328000002295593900000188356710000019304306000002232254900000223435670000019336098000001972950900000376431720000035821137
622920104000000000000101000000000000000000188011290000000301852000002271947600000000000000000018835671000000034864700000219739020000000243822000001890857600001354405730000035096140
630000000000000000000101000000000000000000000000000000000000000000000000000000000000000000000000000000000000000000000000000000000000000000000000000000000000000004394640000000878928
631000000000000000000101000000000000000000000000000000000000000000000000000000000000000000000000000000000000000000000000000000000000000000000000000000000000000004394640000000878928
631700000000000000000101000000000000000000000000000000000000000000000000000000000000000000000000000000000000000000000000000000000000000000000000000000000000000004394640000000878928
631710000000000000000101000000000000000000000000000000000000000000000000000000000000000000000000000000000000000000000000000000000000000000000000000000000000000004394640000000878928
700000000000000000000101000004133418500000000000000000041633222000000000000000000446192410000000000000000004231716300000000000000000022150897000000000000000000026328940000190080522
710000000000000000000101000000000000000000000000000000000000000000000000000000000027388860000000000000000000000000000000000000000000000000000000000000000000000014287300000000000000
712000000000000000000101000000000000000000000000000000000000000000000000000000000027388860000000000000000000000000000000000000000000000000000000000000000000000014287300000000000000
712300000000000000000101000000000000000000000000000000000000000000000000000000000027388860000000000000000000000000000000000000000000000000000000000000000000000014287300000000000000
712310000000000000000101000000000000000000000000000000000000000000000000000000000027388860000000000000000000000000000000000000000000000000000000000000000000000014287300000000000000
712310200000000000000101000000000000000000000000000000000000000000000000000000000027388860000000000000000000000000000000000000000000000000000000000000000000000014287300000000000000
720000000000000000000101000004133418500000000000000000041633222000000000000000000418803550000000000000000004231716300000000000000000022150897000000000000000000012041640000190080522
721000000000000000000101000004133418500000000000000000041633222000000000000000000418803550000000000000000004231716300000000000000000022150897000000000000000000012041640000190080522
721100000000000000000101000004133418500000000000000000041633222000000000000000000418803550000000000000000004231716300000000000000000022150897000000000000000000012041640000190080522
721110000000000000000101000004132995600000000000000000041617206000000000000000000418700250000000000000000004230719300000000000000000022140507000000000000000000011837810000190009204
721110500000000000000101000004132995600000000000000000041617206000000000000000000418700250000000000000000004230719300000000000000000022140507000000000000000000011837810000190009204
721130000000000000000101000000000422900000000000000000000016016000000000000000000000103300000000000000000000000997000000000000000000000010390000000000000000000000203830000000071318
721130869000000000000101000000000422900000000000000000000016016000000000000000000000103300000000000000000000000997000000000000000000000010390000000000000000000000203830000000071318
800000000000000000000101000006382033300001051545180000067763190000010939641200000588726980000103491939000006824604500001105632080000059410855000008156175200003616679300000174220302
810000000000000000000101000000079450000000007945000000001047130000000104713000000012747660000004013652000000118986200000011898620000001082736000000108273600000024962130000003924943
812000000000000000000101000000079450000000007945000000001047130000000104713000000012747660000004013652000000118986200000011898620000001082736000000108273600000024962130000003924943
812300000000000000000101000000079450000000007945000000001047130000000104713000000012747660000004013652000000118986200000011898620000001082736000000108273600000024962130000003924943
812310000000000000000101000000079450000000007945000000001047130000000104713000000012747660000004013652000000118986200000011898620000001082736000000108273600000024962130000003924943
812310200000000000000101000000079450000000007945000000001047130000000104713000000012747660000004013652000000118986200000011898620000001082736000000108273600000024962130000003924943
812310201000000000000101000000079450000000000000000000001047130000000000000000000012747660000002738886000000118986200000000000000000001082736000000000000000000020174590000001907484
812310202000000000000101000000000000000000007945000000000000000000000104713000000000000000000001274766000000000000000000011898620000000000000000000108273600000004787540000002017459
820000000000000000000101000006302583300001043600180000066716060000010834928200000575979320000099478287000006705618300001093733460000058328119000008047901600003591717170000170295359
821000000000000000000101000006302583300001043600180000066716060000010834928200000575979320000099478287000006705618300001093733460000058328119000008047901600003591717170000170295359
821100000000000000000101000006302583300001043600180000066716060000010834928200000575979320000099478287000006705618300001093733460000058328119000008047901600003591717170000170295359
821110000000000000000101000002441498600000413299560000020420925000004191905800000194476250000041870025000002203145000000426558400000018824600000002256802900000909968030000005793481
821110105000000000000101000002441498600000413299560000020420925000004191905800000194476250000041870025000002203145000000426558400000018824600000002256802900000909968030000005793481
821120000000000000000101000001980548900000244149860000022955939000002072277700000193043060000019447625000002234356700000223800970000019913209000001925212200000404308370000038975204
821120105000000000000101000001980548900000244149860000022955939000002072277700000193043060000019447625000002234356700000223800970000019913209000001925212200000404308370000038975204
821130000000000000000101000001880535800000198097180000023037344000002297195500000188460010000019314636000002233251900000223535370000019346488000001973989900000376635550000035841520
821130100000000000000101000001880112900000198054890000023021328000002295593900000188356710000019304306000002232254900000223435670000019336098000001972950900000376431720000035821137
821130105000000000000101000001880112900000198054890000023021328000002295593900000188356710000019304306000002232254900000223435670000019336098000001972950900000376431720000035821137
821130208690000000000101000000000422900000000042290000000016016000000001601600000000103300000000010330000000000997000000000099700000000010390000000001039000000000203830000000020383
821140000000000000000101000000000000000000188053580000000301852000002273549200000000000000000018846001000000034864700000219838720000000243822000001891896600001900805220000089685154
821140100000000000000101000000000000000000188011290000000301852000002271947600000000000000000018835671000000034864700000219739020000000243822000001890857600001900092040000089664771
821140105000000000000101000000000000000000188011290000000301852000002271947600000000000000000018835671000000034864700000219739020000000243822000001890857600001900092040000089664771
821140208690000000000101000000000000000000000042290000000000000000000001601600000000000000000000010330000000000000000000000099700000000000000000000001039000000000713180000000020383
FINALIZADOR0000000305