12292535000162010120253108202509092025CAMARA DE VEREADORES DE INDEPENDENCIA-RS                                        
010101031001500002063339030000000000010000000000000000000000000000000000000000000000000000000000000000000000000000000000000000000000000000000000000000000000000000000000000000000000000000000000000000000000000000000000000000000000000000000000000000000000000015000000
010101031001500002063449052000000000026000000000000000000000000000000000000000000000000000000000000000080000000000000000000000000000000000000000000000000000000000000000000000000000000000000000000000000000000000000000000000000000000000000000000000000000000015000000
010101031001500002063319007000000000000500000000000000000000000000000000000000000000000000000000000000000000000000000000000000000000000000000000000000000000000000000000000000000000000000000000000000000000000000000000000000000000000000000000000000000000000015000000
010101031001500002063339036000000000005000000000000000000000000000000000000000000000000000000000000000000000000000000000000000000000000000000000000000000000000000000000000000000000000000000000000000000000000000000000000000000000000000000000000000000000000015000000
010104122000100002064339093000000000010000000000000000000000000000000000000000000000000000000000000000000000000000000000000000000000000000000019648600000001964860000000196486000000000000000000000000000000000000000000000000000000000000000000000000000000000015000000
010104122000100002064319016000000000001000000000000000000000000000000000000000000000000000000000000000000000000000000000000000000000000000000000000000000000000000000000000000000000000000000000000000000000000000000000000000000000000000000000000000000000000015000000
010104122000100002064339039000000000067000000000000000000000000000000000000000000000000000000000000000000000000000000000000000000000000000000165956500000015475800000001547580000000000000000000000000000000000000000000000000000000000000000000000000000000000015000000
010101031001500002063339093000000000050000000000000000000000000000000000000000000000000000000000000000050000000000000000000000000000000000000132286700000013228670000001322867000000000000000000000000000000000000000000000000000000000000000000000000000000000015000000
010104131000100002065339039000000000009000000000000000000000000130000000000000000000000000000000000000000000000000000000000000000000000000000214250400000010003240000001000324000000000000000000000000000000000000000000000000000000000000000000000000000000000015000000
010101031001500002063339039000000000060000000000000000000000000000000000000000000000000000000000000000000000000000000000000000000000000000000390911200000039091120000003909112000000000000000000000000000000000000000000000000000000000000000000000000000000000015000000
010104122000100002064339040000000000050000000000000000000000000000000000000000000000000000000000000000000000000000000000000000000000000000000101001200000006176730000000617673000000000000000000000000000000000000000000000000000000000000000000000000000000000015000000
010104131000100002065339040000000000010000000000000000000000000000000000000000000000000000000000000000000000000000000000000000000000000000000000000000000000000000000000000000000000000000000000000000000000000000000000000000000000000000000000000000000000000015000000
010104122000100002064319113000000000030000000000000000000000000000000000000000000000000000000000000000000000000000000000000000000000000000000235380500000023538050000002048807000000000000000000000000000000000000000000000000000000000000000000000000000000000015000000
010104122000100002064339014000000000050000000000000000000000000000000000000000000000000000000000000000000000000000000000000000000000000000000159406200000015940620000001594062000000000000000000000000000000000000000000000000000000000000000000000000000000000015000000
010104122000100002064339046000000000045000000000000000000000000000000000000000000000000000000000000000000000000000000000000000000000000000000349105200000034910520000003068540000000000000000000000000000000000000000000000000000000000000000000000000000000000015000000
010104122000100002064319011000000000290000000000000000000000000000000000000000000000000000000000000000000000000000000000000000000000000000001845547600000184554760000018455476000000000000000000000000000000000000000000000000000000000000000000000000000000000015000000
010104122000100002064339008000000000023000000000000000000000000000000000000000000000000000000000000000000000000000000000000000000000000000000005241100000000524110000000052411000000000000000000000000000000000000000000000000000000000000000000000000000000000015000000
010101031001500002063339040000000000005000000000000000000000000000000000000000000000000000000000000000000000000000000000000000000000000000000002940000000000294000000000029400000000000000000000000000000000000000000000000000000000000000000000000000000000000015000000
010101031001500002063339014000000000100000000000000000000000000000000000000000000000000000000000000000000000000000000000000000000000000000000535731000000053573100000005357310000000000000000000000000000000000000000000000000000000000000000000000000000000000015000000
010101031001500002063339046000000000005000000000000000000000000000000000000000000000000000000000000000000000000000000000000000000000000000000000000000000000000000000000000000000000000000000000000000000000000000000000000000000000000000000000000000000000000015000000
010104122000100002064449040000000000005000000000000000000000000000000000000000000000000000000000000000000000000000000000000000000000000000000000000000000000000000000000000000000000000000000000000000000000000000000000000000000000000000000000000000000000000015000000
010101031001500002063319011000000000670000000000000000000000000000000000000000000000000000000000000000000000000000000000000000000000000000003851870400000385187040000038518704000000000000000000000000000000000000000000000000000000000000000000000000000000000015000000
010101031001500002063339008000000000020000000000000000000000000000000000000000000000000000000000000000000000000000000000000000000000000000000000000000000000000000000000000000000000000000000000000000000000000000000000000000000000000000000000000000000000000015000000
010104122000100002064319013000000000020000000000000000000000000000000000000000000000000000000000000000000000000000000000000000000000000000000134304500000013430450000001148854000000000000000000000000000000000000000000000000000000000000000000000000000000000015000000
010104122000100002064339035000000000025000000000000000000000000000000000000000000000000000000000000000000000000000000000000000000000000000000152706000000008692100000000869210000000000000000000000000000000000000000000000000000000000000000000000000000000000015000000
010104122000100002064339030000000000028000000000000000000000000000000000000000000000000000000000000000000000000000000000000000000000000000000157818900000012279710000001227971000000000000000000000000000000000000000000000000000000000000000000000000000000000015000000
010104131000100002065339030000000000005000000000000000000000000000000000000000000000000000000000000000000000000000000000000000000000000000000000000000000000000000000000000000000000000000000000000000000000000000000000000000000000000000000000000000000000000015000000
010101031001500002063449040000000000005000000000000000000000000000000000000000000000000000000000000000000000000000000000000000000000000000000000000000000000000000000000000000000000000000000000000000000000000000000000000000000000000000000000000000000000000015000000
010104122000100002064449052000000000045000000000000000000000000000000000000000000000000000000000000000000000000000000000000000000000000000000080067000000008006700000000800670000000000000000000000000000000000000000000000000000000000000000000000000000000000015000000
010104122000100002064319007000000000000500000000000000000000000000000000000000000000000000000000000000000000000000000000000000000000000000000000000000000000000000000000000000000000000000000000000000000000000000000000000000000000000000000000000000000000000015000000
010104122000100002064339036000000000005000000000000000000000000000000000000000000000000000000000000000000000000000000000000000000000000000000000000000000000000000000000000000000000000000000000000000000000000000000000000000000000000000000000000000000000000015000000
010101031001500002063319013000000000055000000000000000000000000000000000000000000000000000000000000000000000000000000000000000000000000000000467000400000046700040000004040138000000000000000000000000000000000000000000000000000000000000000000000000000000000015000000
FINALIZADOR0000000032